"infection_day","infections"
0,1
1,0
2,1
3,0
4,2
5,1
6,1
7,1
8,3
9,0
10,0
11,2
12,4
13,1
14,2
15,3
16,1
17,0
18,3
19,3
20,6
21,1
22,4
23,3
24,2
25,4
26,5
27,4
28,4
29,6
30,10
31,9
32,5
33,6
34,4
35,13
36,9
37,8
38,12
39,12
40,10
41,14
42,17
43,19
44,26
45,17
46,26
47,22
48,25
49,22
50,31
51,27
52,37
53,29
54,45
55,42
56,54
57,53
58,58
59,59
60,79
61,71
62,72
63,64
64,82
65,83
66,75
67,92
68,113
69,120
70,115
71,124
72,116
73,149
74,128
75,141
76,143
77,140
78,149
79,160
80,177
81,166
82,156
83,169
84,159
85,163
86,136
87,132
88,143
89,142
90,134
91,132
92,112
93,113
94,118
95,106
96,118
97,79
98,103
99,68
100,83
101,66
102,82
103,40
104,58
105,49
106,39
107,23
108,44
109,25
110,21
111,24
112,19
113,12
114,19
115,15
116,8
117,13
118,10
119,13
120,4
121,12
122,4
123,6
124,3
125,9
126,5
127,5
128,3
129,7
130,4
131,0
132,4
133,2
134,3
135,5
136,1
137,5
138,1
139,4
140,1
141,1
